
+++
Dealer Up Card: 10

   Stand       1       2       3       4       5       6       7       8       9      10
       1 -0.5307
       2 -0.5387 -0.5471
       3 -0.5380 -0.5464 -0.5457
       4 -0.5383 -0.5466 -0.5470 -0.5472
       5 -0.5373 -0.5468 -0.5460 -0.5462 -0.5451
       6 -0.4178 -0.5510 -0.5503 -0.5504 -0.5495 -0.5522
       7 -0.1862 -0.5287 -0.5280 -0.5282 -0.5264 -0.5310 -0.5097
       8  0.0643 -0.5329 -0.5322 -0.5316 -0.5307 -0.5352 -0.5140 -0.5183
       9  0.5546 -0.5368 -0.5353 -0.5356 -0.5347 -0.5392 -0.5180 -0.3907 -0.1333
      10  1.5000 -0.5396 -0.5390 -0.5393 -0.5384 -0.5430 -0.4123 -0.1552  0.1025  0.5832

 Stand #       1       2       3       4       5       6       7       8       9      10
       1  4.4809
       2  4.4658  4.4499
       3  4.4699  4.4541  4.4584
       4  4.4731  4.4574  4.4609  4.4643
       5  4.4768  4.4603  4.4647  4.4681  4.4719
       6  4.4782  4.4621  4.4665  4.4700  4.4738  4.4756
       7  4.4999  4.4844  4.4888  4.4922  4.4960  4.4978  4.5201
       8  4.4999  4.4844  4.4888  4.4922  4.4960  4.4978  4.5201  4.5201
       9  4.4999  4.4844  4.4888  4.4922  4.4960  4.4978  4.5201  4.5201  4.5201
      10  4.0000  4.4844  4.4888  4.4922  4.4960  4.4978  4.5201  4.5201  4.5201  4.5201

  Double       1       2       3       4       5       6       7       8       9      10
       1 -0.4683
       2 -0.4790 -1.0943
       3 -0.4797 -1.0927 -1.0713
       4 -0.4963 -1.0731 -0.9555 -0.7390
       5 -0.5367 -0.9552 -0.7380 -0.4384  0.0180
       6 -0.4328 -0.7452 -0.4445  0.0112  0.1707 -0.8039
       7 -0.3213 -0.4355  0.0145  0.1710 -0.7906 -0.9083 -1.0347
       8 -0.2244  0.0059  0.1623 -0.8059 -0.9096 -0.9363 -0.9496 -1.0235
       9 -0.0520  0.1428 -0.8211 -0.8189 -0.9111 -1.0239 -1.0240 -1.1163 -1.2489
      10  0.1391 -0.7391 -0.8111 -0.8993 -1.0022 -1.0139 -1.1134 -1.2456 -1.4201 -1.6739

Double #       1       2       3       4       5       6       7       8       9      10
       1  5.4809
       2  5.4658  5.4499
       3  5.4699  5.4541  5.4584
       4  5.4731  5.4574  5.4609  5.4643
       5  5.4768  5.4603  5.4647  5.4681  5.4719
       6  5.4782  5.4621  5.4665  5.4700  5.4738  5.4756
       7  5.4999  5.4844  5.4888  5.4922  5.4960  5.4978  5.5201
       8  5.4999  5.4844  5.4888  5.4922  5.4960  5.4978  5.5201  5.5201
       9  5.4999  5.4844  5.4888  5.4922  5.4960  5.4978  5.5201  5.5201  5.5201
      10  5.4999  5.4844  5.4888  5.4922  5.4960  5.4978  5.5201  5.5201  5.5201  5.5201

     Hit       1       2       3       4       5       6       7       8       9      10
       1 -0.4791
       2 -0.4977 -0.7904
       3 -0.5018 -0.8597 -0.6891
       4 -0.5539 -0.6912 -0.5432 -0.4431
       5 -0.3849 -0.5308 -0.4519 -0.2976 -0.1059
       6 -0.2694 -0.4547 -0.3116 -0.1000 -0.0407 -0.4755
       7 -0.2265 -0.2712 -0.0561 -0.0002 -0.4283 -0.4495 -0.5142
       8 -0.2180 -0.1002 -0.0324 -0.4725 -0.4881 -0.4674 -0.4786 -0.5190
       9 -0.1416 -0.0456 -0.4822 -0.4470 -0.4559 -0.5144 -0.5193 -0.5679 -0.6351
      10 -0.0804 -0.4720 -0.4833 -0.4917 -0.5044 -0.5146 -0.5666 -0.6336 -0.7195 -0.8420

   Hit #       1       2       3       4       5       6       7       8       9      10
       1 10.3627
       2  9.9014 10.5824
       3  9.4705 11.5066  9.4409
       4  9.8095  9.4394  7.6572  7.5237
       5  7.2495  7.6562  7.5305  6.9763  6.6113
       6  6.1165  7.5284  7.0727  6.4879  6.6351  6.0454
       7  6.2712  6.5199  5.9747  6.1687  5.5740  5.0292  5.0357
       8  6.7635  6.4738  6.5296  6.0573  5.5319  5.0261  5.0327  5.0285
       9  6.8829  6.6153  6.1520  5.5682  5.0252  5.0219  5.0285  5.0244  5.0207
      10  7.2271  6.4902  6.0523  5.5262  5.0211  5.0200  5.0244  5.0207  5.0172  5.0140

   Split       1       2       3       4       5       6       7       8       9      10
       1  0.1954
       2         -0.4990
       3                 -0.4980
       4                         -0.5520
       5                                 -0.6480
       6                                         -0.6470
       7                                                 -0.6060
       8                                                         -0.4470
       9                                                                 -0.2650
      10                                                                          0.0330

    Best       1       2       3       4       5       6       7       8       9      10
       1  0.1954
       2 -0.4790 -0.4990
       3 -0.4797 -0.5000 -0.4980
       4 -0.4963 -0.5000 -0.5000 -0.4431
       5 -0.3849 -0.5000 -0.4519 -0.2976  0.0180
       6 -0.2694 -0.4547 -0.3116  0.0112  0.1707 -0.4755
       7 -0.1862 -0.2712  0.0145  0.1710 -0.4283 -0.4495 -0.5000
       8  0.0643  0.0059  0.1623 -0.4725 -0.4881 -0.4674 -0.4786 -0.4470
       9  0.5546  0.1428 -0.4822 -0.4470 -0.4559 -0.5000 -0.5000 -0.3907 -0.1333
      10  1.5000 -0.4720 -0.4833 -0.4917 -0.5000 -0.5000 -0.4123 -0.1552  0.1025  0.5832

    Odds       1       2       3       4       5       6       7       8       9      10
       1  0.0014
       2  0.0039  0.0014
       3  0.0039  0.0039  0.0014
       4  0.0039  0.0039  0.0039  0.0014
       5  0.0039  0.0039  0.0039  0.0039  0.0014
       6  0.0039  0.0039  0.0039  0.0039  0.0039  0.0014
       7  0.0039  0.0039  0.0039  0.0039  0.0039  0.0039  0.0014
       8  0.0039  0.0039  0.0039  0.0039  0.0039  0.0039  0.0039  0.0014
       9  0.0039  0.0039  0.0039  0.0039  0.0039  0.0039  0.0039  0.0039  0.0014
      10  0.0145  0.0145  0.0145  0.0145  0.0145  0.0145  0.0145  0.0145  0.0145  0.0253

     Exp       1       2       3       4       5       6       7       8       9      10
       1  0.0003
       2 -0.0018 -0.0007
       3 -0.0019 -0.0019 -0.0007
       4 -0.0019 -0.0019 -0.0019 -0.0006
       5 -0.0015 -0.0019 -0.0017 -0.0011  0.0000
       6 -0.0010 -0.0018 -0.0012  0.0000  0.0007 -0.0007
       7 -0.0007 -0.0010  0.0001  0.0007 -0.0017 -0.0017 -0.0007
       8  0.0002  0.0000  0.0006 -0.0018 -0.0019 -0.0018 -0.0018 -0.0006
       9  0.0021  0.0006 -0.0019 -0.0017 -0.0018 -0.0019 -0.0019 -0.0015 -0.0002
      10  0.0217 -0.0068 -0.0070 -0.0071 -0.0072 -0.0072 -0.0060 -0.0022  0.0015  0.0148
     Sum  0.0155 -0.0156 -0.0138 -0.0118 -0.0119 -0.0134 -0.0105 -0.0044  0.0013  0.0148 -0.0496

---
Dealer Up Card: 9

   Stand       1       2       3       4       5       6       7       8       9      10
       1 -0.5110
       2 -0.5172 -0.5235
       3 -0.5268 -0.5330 -0.5425
       4 -0.5263 -0.5325 -0.5420 -0.5426
       5 -0.5255 -0.5316 -0.5421 -0.5417 -0.5407
       6 -0.4071 -0.5365 -0.5460 -0.5455 -0.5445 -0.5485
       7 -0.1788 -0.5405 -0.5500 -0.5495 -0.5487 -0.5511 -0.5554
       8  0.2879 -0.5201 -0.5296 -0.5291 -0.5275 -0.5316 -0.5359 -0.5164
       9  0.7656 -0.5239 -0.5334 -0.5322 -0.5314 -0.5355 -0.5398 -0.4116 -0.1964
      10  1.5000 -0.5275 -0.5363 -0.5359 -0.5351 -0.5392 -0.4161 -0.1961  0.2643  0.7440

 Stand #       1       2       3       4       5       6       7       8       9      10
       1  4.5765
       2  4.5507  4.5248
       3  4.5551  4.5292  4.5335
       4  4.5583  4.5324  4.5368  4.5393
       5  4.5622  4.5362  4.5399  4.5433  4.5473
       6  4.5656  4.5389  4.5434  4.5468  4.5508  4.5543
       7  4.5669  4.5406  4.5451  4.5485  4.5525  4.5560  4.5577
       8  4.5873  4.5610  4.5655  4.5689  4.5729  4.5764  4.5781  4.5985
       9  4.5873  4.5610  4.5655  4.5689  4.5729  4.5764  4.5781  4.5985  4.5985
      10  4.5873  4.5610  4.5655  4.5689  4.5729  4.5764  4.5781  4.5985  4.5985  4.5985

  Double       1       2       3       4       5       6       7       8       9      10
       1 -0.4206
       2 -0.3727 -1.0469
       3 -0.3935 -1.0659 -1.0653
       4 -0.4218 -1.0453 -0.9462 -0.7011
       5 -0.4520 -0.9263 -0.7029 -0.2790  0.1746
       6 -0.3452 -0.6916 -0.2897  0.1646  0.2399 -0.8174
       7 -0.2545 -0.2741  0.1537  0.2247 -0.8261 -0.8694 -0.9782
       8 -0.0602  0.1744  0.2152 -0.8337 -0.8476 -0.8879 -0.8936 -0.9742
       9  0.1105  0.2138 -0.8404 -0.7587 -0.8598 -0.9668 -0.9641 -1.0638 -1.1895
      10  0.2165 -0.7455 -0.7521 -0.8394 -0.9519 -0.9586 -1.0529 -1.1865 -1.3956 -1.6841

Double #       1       2       3       4       5       6       7       8       9      10
       1  5.5765
       2  5.5507  5.5248
       3  5.5551  5.5292  5.5335
       4  5.5583  5.5324  5.5368  5.5393
       5  5.5622  5.5362  5.5399  5.5433  5.5473
       6  5.5656  5.5389  5.5434  5.5468  5.5508  5.5543
       7  5.5669  5.5406  5.5451  5.5485  5.5525  5.5560  5.5577
       8  5.5873  5.5610  5.5655  5.5689  5.5729  5.5764  5.5781  5.5985
       9  5.5873  5.5610  5.5655  5.5689  5.5729  5.5764  5.5781  5.5985  5.5985
      10  5.5873  5.5610  5.5655  5.5689  5.5729  5.5764  5.5781  5.5985  5.5985  5.5985

     Hit       1       2       3       4       5       6       7       8       9      10
       1 -0.4749
       2 -0.4866 -0.8453
       3 -0.5154 -0.9124 -0.9479
       4 -0.5101 -0.9220 -0.7007 -0.4953
       5 -0.5618 -0.6729 -0.4697 -0.3278 -0.0560
       6 -0.3164 -0.5180 -0.2646 -0.1075 -0.0072 -0.4934
       7 -0.2820 -0.3431 -0.1286 -0.0970 -0.5887 -0.5183 -0.5670
       8 -0.2270 -0.0982 -0.0390 -0.5320 -0.4999 -0.5253 -0.4860 -0.4871
       9 -0.1358 -0.0816 -0.5724 -0.4972 -0.5113 -0.5225 -0.4820 -0.5319 -0.5947
      10 -0.0795 -0.5213 -0.4878 -0.5023 -0.5180 -0.4793 -0.5265 -0.5932 -0.6978 -0.8421

   Hit #       1       2       3       4       5       6       7       8       9      10
       1 11.5380
       2 11.7611 13.0042
       3 11.3219 13.3409 13.2730
       4 10.2282 13.1873 10.2082  8.9909
       5 10.3933 10.2044  8.4827  8.7977  7.6299
       6  7.6390  9.2184  7.9725  8.1600  7.3650  6.5275
       7  7.8300  8.9821  8.3885  8.4250  7.6809  6.3997  6.3438
       8  8.4432  8.2250  7.7442  7.0551  6.4068  6.3661  5.7850  5.2389
       9  8.4433  8.2999  7.5422  6.9222  6.3262  5.7726  5.2304  5.1910  5.1434
      10  8.4049  7.5309  6.8911  6.3606  5.7699  5.2297  5.1842  5.1434  5.0961  5.0491

   Split       1       2       3       4       5       6       7       8       9      10
       1  0.2898
       2         -0.3730
       3                 -0.3950
       4                         -0.4590
       5                                 -0.5600
       6                                         -0.5420
       7                                                 -0.5350
       8                                                         -0.3830
       9                                                                 -0.0930
      10                                                                          0.1720

    Best       1       2       3       4       5       6       7       8       9      10
       1  0.2898
       2 -0.3727 -0.3730
       3 -0.3935 -0.5000 -0.3950
       4 -0.4218 -0.5000 -0.5000 -0.4590
       5 -0.4520 -0.5000 -0.4697 -0.2790  0.1746
       6 -0.3164 -0.5000 -0.2646  0.1646  0.2399 -0.4934
       7 -0.1788 -0.2741  0.1537  0.2247 -0.5000 -0.5000 -0.5000
       8  0.2879  0.1744  0.2152 -0.5000 -0.4999 -0.5000 -0.4860 -0.3830
       9  0.7656  0.2138 -0.5000 -0.4972 -0.5000 -0.5000 -0.4820 -0.4116 -0.0930
      10  1.5000 -0.5000 -0.4878 -0.5000 -0.5000 -0.4793 -0.4161 -0.1961  0.2643  0.7440

    Odds       1       2       3       4       5       6       7       8       9      10
       1  0.0004
       2  0.0010  0.0004
       3  0.0010  0.0010  0.0004
       4  0.0010  0.0010  0.0010  0.0004
       5  0.0010  0.0010  0.0010  0.0010  0.0004
       6  0.0010  0.0010  0.0010  0.0010  0.0010  0.0004
       7  0.0010  0.0010  0.0010  0.0010  0.0010  0.0010  0.0004
       8  0.0010  0.0010  0.0010  0.0010  0.0010  0.0010  0.0010  0.0004
       9  0.0007  0.0007  0.0007  0.0007  0.0007  0.0007  0.0007  0.0007  0.0002
      10  0.0039  0.0039  0.0039  0.0039  0.0039  0.0039  0.0039  0.0039  0.0029  0.0072

     Exp       1       2       3       4       5       6       7       8       9      10
       1  0.0001
       2 -0.0004 -0.0001
       3 -0.0004 -0.0005 -0.0001
       4 -0.0004 -0.0005 -0.0005 -0.0002
       5 -0.0004 -0.0005 -0.0005 -0.0003  0.0001
       6 -0.0003 -0.0005 -0.0003  0.0002  0.0002 -0.0002
       7 -0.0002 -0.0003  0.0001  0.0002 -0.0005 -0.0005 -0.0002
       8  0.0003  0.0002  0.0002 -0.0005 -0.0005 -0.0005 -0.0005 -0.0001
       9  0.0006  0.0002 -0.0004 -0.0004 -0.0004 -0.0004 -0.0003 -0.0003 -0.0000
      10  0.0058 -0.0019 -0.0019 -0.0019 -0.0019 -0.0019 -0.0016 -0.0008  0.0008  0.0054
     Sum  0.0047 -0.0039 -0.0032 -0.0028 -0.0030 -0.0034 -0.0026 -0.0012  0.0007  0.0054 -0.0093

---
Dealer Up Card: 8

   Stand       1       2       3       4       5       6       7       8       9      10
       1 -0.4997
       2 -0.5077 -0.5149
       3 -0.5051 -0.5127 -0.5104
       4 -0.5145 -0.5222 -0.5199 -0.5293
       5 -0.5149 -0.5225 -0.5202 -0.5306 -0.5309
       6 -0.3853 -0.5249 -0.5237 -0.5331 -0.5333 -0.5358
       7  0.1209 -0.5283 -0.5261 -0.5355 -0.5357 -0.5383 -0.5393
       8  0.6078 -0.5341 -0.5318 -0.5412 -0.5415 -0.5426 -0.5453 -0.5513
       9  0.7848 -0.5136 -0.5113 -0.5208 -0.5203 -0.5231 -0.5258 -0.4149  0.0645
      10  1.5000 -0.5174 -0.5152 -0.5238 -0.5242 -0.5270 -0.3942  0.0955  0.5768  0.7833

 Stand #       1       2       3       4       5       6       7       8       9      10
       1  4.6740
       2  4.6459  4.6187
       3  4.6489  4.6211  4.6236
       4  4.6533  4.6255  4.6279  4.6324
       5  4.6567  4.6288  4.6313  4.6350  4.6385
       6  4.6604  4.6326  4.6343  4.6389  4.6424  4.6462
       7  4.6639  4.6352  4.6378  4.6424  4.6459  4.6497  4.6532
       8  4.6651  4.6369  4.6395  4.6441  4.6476  4.6514  4.6549  4.6566
       9  4.6855  4.6573  4.6599  4.6645  4.6680  4.6718  4.6753  4.6770  4.6975
      10  4.6855  4.6573  4.6599  4.6645  4.6680  4.6718  4.6753  4.6770  4.6975  4.6975

  Double       1       2       3       4       5       6       7       8       9      10
       1 -0.2956
       2 -0.3124 -1.0298
       3 -0.2542 -1.0254 -0.9997
       4 -0.3141 -1.0231 -0.8486 -0.4471
       5 -0.3325 -0.8535 -0.4282  0.0007  0.3229
       6 -0.2297 -0.4371  0.0142  0.3172  0.3657 -0.7114
       7 -0.0153  0.0074  0.3269  0.3402 -0.7112 -0.8429 -0.8579
       8  0.1902  0.2945  0.3300 -0.7193 -0.8291 -0.7745 -0.7774 -0.8526
       9  0.2298  0.3277 -0.7037 -0.7241 -0.7619 -0.8556 -0.8556 -0.9506 -1.1325
      10  0.3327 -0.6259 -0.7056 -0.7393 -0.8441 -0.8496 -0.9476 -1.1303 -1.3947 -1.6855

Double #       1       2       3       4       5       6       7       8       9      10
       1  5.6740
       2  5.6459  5.6187
       3  5.6489  5.6211  5.6236
       4  5.6533  5.6255  5.6279  5.6324
       5  5.6567  5.6288  5.6313  5.6350  5.6385
       6  5.6604  5.6326  5.6343  5.6389  5.6424  5.6462
       7  5.6639  5.6352  5.6378  5.6424  5.6459  5.6497  5.6532
       8  5.6651  5.6369  5.6395  5.6441  5.6476  5.6514  5.6549  5.6566
       9  5.6855  5.6573  5.6599  5.6645  5.6680  5.6718  5.6753  5.6770  5.6975
      10  5.6855  5.6573  5.6599  5.6645  5.6680  5.6718  5.6753  5.6770  5.6975  5.6975

     Hit       1       2       3       4       5       6       7       8       9      10
       1 -0.4019
       2 -0.4335 -0.7681
       3 -0.3988 -0.8138 -0.8350
       4 -0.4556 -0.8529 -0.6058 -0.3772
       5 -0.4758 -0.5966 -0.3742 -0.1651 -0.0081
       6 -0.2857 -0.3841 -0.1637 -0.0202 -0.0099 -0.5150
       7 -0.1765 -0.1752 -0.0172 -0.0172 -0.5142 -0.5344 -0.4974
       8 -0.0896 -0.0287 -0.0154 -0.5034 -0.5277 -0.4592 -0.4232 -0.4263
       9 -0.0638 -0.0103 -0.4880 -0.4740 -0.4563 -0.4625 -0.4278 -0.4753 -0.5663
      10 -0.0011 -0.4471 -0.4514 -0.4442 -0.4598 -0.4248 -0.4738 -0.5651 -0.6973 -0.8427

   Hit #       1       2       3       4       5       6       7       8       9      10
       1 12.5940
       2 12.0859 13.2456
       3 11.5036 13.5591 13.5027
       4 11.1475 13.5122 10.3763  9.5956
       5 10.6439 10.3752  9.5970  8.9650  8.2451
       6  8.3908  9.7047  9.1182  8.3932  8.5637  7.7585
       7  8.4188  9.1043  8.5012  8.5394  7.7582  7.0527  6.4015
       8  8.6852  8.4755  8.5114  7.6307  7.0511  6.4126  5.8249  5.2622
       9  8.6986  8.5151  7.6196  7.0771  6.4221  5.8204  5.2700  5.2165  5.1677
      10  8.5241  7.6116  6.9466  6.4201  5.8175  5.2686  5.2160  5.1626  5.1124  5.0574

   Split       1       2       3       4       5       6       7       8       9      10
       1  0.4065
       2         -0.1920
       3                 -0.2440
       4                         -0.2910
       5                                 -0.3910
       6                                         -0.3740
       7                                                 -0.3780
       8                                                         -0.0590
       9                                                                  0.2070
      10                                                                          0.3450

    Best       1       2       3       4       5       6       7       8       9      10
       1  0.4065
       2 -0.3124 -0.1920
       3 -0.2542 -0.5000 -0.2440
       4 -0.3141 -0.5000 -0.5000 -0.2910
       5 -0.3325 -0.5000 -0.3742  0.0007  0.3229
       6 -0.2297 -0.3841  0.0142  0.3172  0.3657 -0.3740
       7  0.1209  0.0074  0.3269  0.3402 -0.5000 -0.5000 -0.3780
       8  0.6078  0.2945  0.3300 -0.5000 -0.5000 -0.4592 -0.4232 -0.0590
       9  0.7848  0.3277 -0.4880 -0.4740 -0.4563 -0.4625 -0.4278 -0.4149  0.2070
      10  1.5000 -0.4471 -0.4514 -0.4442 -0.4598 -0.4248 -0.3942  0.0955  0.5768  0.7833

    Odds       1       2       3       4       5       6       7       8       9      10
       1  0.0004
       2  0.0010  0.0004
       3  0.0010  0.0010  0.0004
       4  0.0010  0.0010  0.0010  0.0004
       5  0.0010  0.0010  0.0010  0.0010  0.0004
       6  0.0010  0.0010  0.0010  0.0010  0.0010  0.0004
       7  0.0010  0.0010  0.0010  0.0010  0.0010  0.0010  0.0004
       8  0.0007  0.0007  0.0007  0.0007  0.0007  0.0007  0.0007  0.0002
       9  0.0010  0.0010  0.0010  0.0010  0.0010  0.0010  0.0010  0.0007  0.0004
      10  0.0039  0.0039  0.0039  0.0039  0.0039  0.0039  0.0039  0.0029  0.0039  0.0072

     Exp       1       2       3       4       5       6       7       8       9      10
       1  0.0001
       2 -0.0003 -0.0001
       3 -0.0002 -0.0005 -0.0001
       4 -0.0003 -0.0005 -0.0005 -0.0001
       5 -0.0003 -0.0005 -0.0004  0.0000  0.0001
       6 -0.0002 -0.0004  0.0000  0.0003  0.0004 -0.0001
       7  0.0001  0.0000  0.0003  0.0003 -0.0005 -0.0005 -0.0001
       8  0.0004  0.0002  0.0002 -0.0004 -0.0004 -0.0003 -0.0003 -0.0000
       9  0.0008  0.0003 -0.0005 -0.0005 -0.0004 -0.0004 -0.0004 -0.0003  0.0001
      10  0.0058 -0.0017 -0.0017 -0.0017 -0.0018 -0.0016 -0.0015  0.0003  0.0022  0.0057
     Sum  0.0059 -0.0031 -0.0026 -0.0020 -0.0026 -0.0030 -0.0024 -0.0000  0.0023  0.0057 -0.0019

---
Dealer Up Card: 7

   Stand       1       2       3       4       5       6       7       8       9      10
       1 -0.4525
       2 -0.4619 -0.4710
       3 -0.4602 -0.4689 -0.4672
       4 -0.4576 -0.4666 -0.4649 -0.4627
       5 -0.4680 -0.4771 -0.4753 -0.4731 -0.4845
       6 -0.0896 -0.4816 -0.4799 -0.4786 -0.4889 -0.4934
       7  0.4120 -0.4858 -0.4850 -0.4828 -0.4931 -0.4976 -0.5020
       8  0.6145 -0.4876 -0.4858 -0.4836 -0.4939 -0.4986 -0.5014 -0.5025
       9  0.7732 -0.4933 -0.4916 -0.4893 -0.4997 -0.5028 -0.5073 -0.1229  0.4011
      10  1.5000 -0.4728 -0.4711 -0.4689 -0.4785 -0.4833 -0.1213  0.3887  0.6101  0.7647

 Stand #       1       2       3       4       5       6       7       8       9      10
       1  4.7989
       2  4.7667  4.7355
       3  4.7710  4.7397  4.7440
       4  4.7741  4.7422  4.7465  4.7489
       5  4.7779  4.7459  4.7503  4.7527  4.7558
       6  4.7820  4.7499  4.7543  4.7561  4.7600  4.7642
       7  4.7857  4.7536  4.7573  4.7599  4.7639  4.7681  4.7719
       8  4.7891  4.7563  4.7608  4.7634  4.7674  4.7716  4.7754  4.7789
       9  4.7904  4.7580  4.7625  4.7651  4.7691  4.7733  4.7771  4.7806  4.7823
      10  4.8108  4.7784  4.7830  4.7855  4.7895  4.7937  4.7975  4.8011  4.8028  4.8232

  Double       1       2       3       4       5       6       7       8       9      10
       1 -0.1370
       2 -0.1572 -0.9421
       3 -0.1745 -0.9378 -0.8712
       4 -0.1409 -0.8703 -0.5426 -0.1084
       5 -0.1891 -0.5672 -0.1323  0.1905  0.4663
       6  0.0142 -0.1481  0.1757  0.4754  0.5005 -0.5985
       7  0.2402  0.1600  0.4447  0.4875 -0.5852 -0.7141 -0.8230
       8  0.3253  0.4166  0.4726 -0.5636 -0.7065 -0.7346 -0.6660 -0.7471
       9  0.3513  0.4554 -0.5788 -0.6001 -0.7276 -0.7446 -0.7499 -0.8976 -1.1321
      10  0.4676 -0.4958 -0.5830 -0.7068 -0.7363 -0.7524 -0.9039 -1.1345 -1.3971 -1.6861

Double #       1       2       3       4       5       6       7       8       9      10
       1  5.7989
       2  5.7667  5.7355
       3  5.7710  5.7397  5.7440
       4  5.7741  5.7422  5.7465  5.7489
       5  5.7779  5.7459  5.7503  5.7527  5.7558
       6  5.7820  5.7499  5.7543  5.7561  5.7600  5.7642
       7  5.7857  5.7536  5.7573  5.7599  5.7639  5.7681  5.7719
       8  5.7891  5.7563  5.7608  5.7634  5.7674  5.7716  5.7754  5.7789
       9  5.7904  5.7580  5.7625  5.7651  5.7691  5.7733  5.7771  5.7806  5.7823
      10  5.8108  5.7784  5.7830  5.7855  5.7895  5.7937  5.7975  5.8011  5.8028  5.8232

     Hit       1       2       3       4       5       6       7       8       9      10
       1 -0.2497
       2 -0.2852 -0.7023
       3 -0.3196 -0.7234 -0.6810
       4 -0.3051 -0.6794 -0.4060 -0.1682
       5 -0.3564 -0.4117 -0.1945 -0.0305  0.0836
       6 -0.1429 -0.2064 -0.0481  0.0830  0.0798 -0.4411
       7 -0.0287 -0.0645  0.0629  0.0805 -0.4343 -0.4595 -0.4721
       8  0.0087  0.0537  0.0786 -0.4084 -0.4553 -0.4309 -0.3639 -0.3736
       9  0.0186  0.0735 -0.4112 -0.4007 -0.4306 -0.4032 -0.3749 -0.4488 -0.5660
      10  0.0854 -0.3682 -0.3825 -0.4193 -0.4024 -0.3762 -0.4520 -0.5673 -0.6985 -0.8430

   Hit #       1       2       3       4       5       6       7       8       9      10
       1 12.0470
       2 11.5073 14.3254
       3 11.2742 14.4225 12.9110
       4 10.5260 12.9019 10.5233  9.7422
       5 10.2131 10.5268  9.7462  8.9889  8.3858
       6  8.5236  9.8534  9.1456  8.5351  8.7073  7.8563
       7  8.5557  9.1291  8.6465  8.6827  7.8559  7.1361  6.4578
       8  8.7089  8.6204  8.6595  7.7288  7.1355  6.4720  5.8880  5.3123
       9  8.8271  8.6373  7.7034  7.1496  6.4693  5.8713  5.3116  5.2504  5.1885
      10  8.6763  7.7135  7.0348  6.4796  5.8785  5.3185  5.2561  5.1932  5.1297  5.0679

   Split       1       2       3       4       5       6       7       8       9      10
       1  0.5407
       2         -0.0060
       3                 -0.0680
       4                         -0.1600
       5                                 -0.2280
       6                                         -0.2280
       7                                                 -0.0560
       8                                                          0.2590
       9                                                                  0.3640
      10                                                                          0.4780

    Best       1       2       3       4       5       6       7       8       9      10
       1  0.5407
       2 -0.1572 -0.0060
       3 -0.1745 -0.4689 -0.0680
       4 -0.1409 -0.4666 -0.4060 -0.1084
       5 -0.1891 -0.4117 -0.1323  0.1905  0.4663
       6  0.0142 -0.1481  0.1757  0.4754  0.5005 -0.2280
       7  0.4120  0.1600  0.4447  0.4875 -0.4343 -0.4595 -0.0560
       8  0.6145  0.4166  0.4726 -0.4084 -0.4553 -0.4309 -0.3639  0.2590
       9  0.7732  0.4554 -0.4112 -0.4007 -0.4306 -0.4032 -0.3749 -0.1229  0.4011
      10  1.5000 -0.3682 -0.3825 -0.4193 -0.4024 -0.3762 -0.1213  0.3887  0.6101  0.7647

    Odds       1       2       3       4       5       6       7       8       9      10
       1  0.0004
       2  0.0010  0.0004
       3  0.0010  0.0010  0.0004
       4  0.0010  0.0010  0.0010  0.0004
       5  0.0010  0.0010  0.0010  0.0010  0.0004
       6  0.0010  0.0010  0.0010  0.0010  0.0010  0.0004
       7  0.0007  0.0007  0.0007  0.0007  0.0007  0.0007  0.0002
       8  0.0010  0.0010  0.0010  0.0010  0.0010  0.0010  0.0007  0.0004
       9  0.0010  0.0010  0.0010  0.0010  0.0010  0.0010  0.0007  0.0010  0.0004
      10  0.0039  0.0039  0.0039  0.0039  0.0039  0.0039  0.0029  0.0039  0.0039  0.0072

     Exp       1       2       3       4       5       6       7       8       9      10
       1  0.0002
       2 -0.0002 -0.0000
       3 -0.0002 -0.0005 -0.0000
       4 -0.0001 -0.0005 -0.0004 -0.0000
       5 -0.0002 -0.0004 -0.0001  0.0002  0.0002
       6  0.0000 -0.0001  0.0002  0.0005  0.0005 -0.0001
       7  0.0003  0.0001  0.0003  0.0004 -0.0003 -0.0003 -0.0000
       8  0.0006  0.0004  0.0005 -0.0004 -0.0004 -0.0004 -0.0003  0.0001
       9  0.0007  0.0004 -0.0004 -0.0004 -0.0004 -0.0004 -0.0003 -0.0001  0.0001
      10  0.0058 -0.0014 -0.0015 -0.0016 -0.0016 -0.0015 -0.0004  0.0015  0.0024  0.0055
     Sum  0.0070 -0.0019 -0.0015 -0.0014 -0.0021 -0.0027 -0.0009  0.0015  0.0025  0.0055  0.0060

---
Dealer Up Card: 6

   Stand       1       2       3       4       5       6       7       8       9      10
       1 -0.1035
       2 -0.1142 -0.1245
       3 -0.1116 -0.1219 -0.1189
       4 -0.1092 -0.1191 -0.1165 -0.1140
       5 -0.1076 -0.1179 -0.1152 -0.1129 -0.1117
       6  0.0104 -0.1442 -0.1415 -0.1392 -0.1390 -0.1652
       7  0.2622 -0.1487 -0.1461 -0.1447 -0.1435 -0.1697 -0.1742
       8  0.4824 -0.1513 -0.1497 -0.1473 -0.1460 -0.1723 -0.1770 -0.1782
       9  0.6942 -0.1564 -0.1537 -0.1513 -0.1501 -0.1765 -0.1796 -0.0114  0.2652
      10  1.5000 -0.1604 -0.1578 -0.1553 -0.1542 -0.1790 -0.0113  0.2681  0.4841  0.6974

 Stand #       1       2       3       4       5       6       7       8       9      10
       1  5.2142
       2  5.1979  5.1827
       3  5.2032  5.1879  5.1930
       4  5.2084  5.1930  5.1982  5.2033
       5  5.2106  5.1946  5.1998  5.2049  5.2066
       6  5.2144  5.1983  5.2035  5.2088  5.2097  5.2136
       7  5.2185  5.2023  5.2076  5.2121  5.2139  5.2178  5.2220
       8  5.2222  5.2060  5.2106  5.2160  5.2177  5.2217  5.2259  5.2297
       9  5.2257  5.2087  5.2141  5.2195  5.2212  5.2252  5.2294  5.2332  5.2367
      10  5.2270  5.2104  5.2158  5.2212  5.2229  5.2269  5.2311  5.2349  5.2384  5.2401

  Double       1       2       3       4       5       6       7       8       9      10
       1  0.2479
       2  0.2302 -0.2490
       3  0.2219 -0.2438 -0.2145
       4  0.2007 -0.2150 -0.0569  0.1932
       5  0.2167 -0.0610  0.1899  0.4433  0.7236
       6  0.2665  0.1242  0.3792  0.6633  0.7614 -0.3871
       7  0.3849  0.3574  0.6361  0.7315 -0.3577 -0.5613 -0.7339
       8  0.4826  0.6151  0.7122 -0.3682 -0.5352 -0.6465 -0.7242 -0.7934
       9  0.5598  0.6916 -0.3876 -0.4563 -0.6175 -0.8018 -0.7944 -0.9676 -1.1734
      10  0.6822 -0.3189 -0.4578 -0.6162 -0.7747 -0.7926 -0.9667 -1.1722 -1.4140 -1.6901

Double #       1       2       3       4       5       6       7       8       9      10
       1  6.2142
       2  6.1979  6.1827
       3  6.2032  6.1879  6.1930
       4  6.2084  6.1930  6.1982  6.2033
       5  6.2106  6.1946  6.1998  6.2049  6.2066
       6  6.2144  6.1983  6.2035  6.2088  6.2097  6.2136
       7  6.2185  6.2023  6.2076  6.2121  6.2139  6.2178  6.2220
       8  6.2222  6.2060  6.2106  6.2160  6.2177  6.2217  6.2259  6.2297
       9  6.2257  6.2087  6.2141  6.2195  6.2212  6.2252  6.2294  6.2332  6.2367
      10  6.2270  6.2104  6.2158  6.2212  6.2229  6.2269  6.2311  6.2349  6.2384  6.2401

     Hit       1       2       3       4       5       6       7       8       9      10
       1  0.1796
       2  0.1540 -0.0266
       3  0.1381 -0.0259 -0.0103
       4  0.1197 -0.0102  0.0394  0.1601
       5  0.1185  0.0478  0.1501  0.2557  0.3618
       6  0.1332  0.1143  0.2212  0.3316  0.3807 -0.1936
       7  0.1924  0.2017  0.3180  0.3657 -0.1788 -0.2807 -0.3669
       8  0.2413  0.3075  0.3561 -0.1841 -0.2676 -0.3233 -0.3621 -0.3967
       9  0.2799  0.3458 -0.1938 -0.2281 -0.3087 -0.4009 -0.3972 -0.4838 -0.5867
      10  0.3411 -0.1594 -0.2289 -0.3081 -0.3873 -0.3963 -0.4833 -0.5861 -0.7070 -0.8450

   Hit #       1       2       3       4       5       6       7       8       9      10
       1  9.1873
       2  8.4388 10.2669
       3  7.7749  9.4937  8.9288
       4  7.2573  8.9357  7.7060  7.3768
       5  6.6519  7.8276  7.2260  6.7916  6.2066
       6  6.2144  7.2243  6.7900  6.2088  6.2097  5.8141
       7  6.2185  6.6421  6.2076  6.2121  5.8143  5.7168  5.6191
       8  6.2222  6.2060  6.2106  5.8157  5.7167  5.6439  5.5709  5.4976
       9  6.2257  6.2087  5.8145  5.7428  5.6438  5.5457  5.4975  5.3990  5.2999
      10  6.2270  5.8369  5.7407  5.6438  5.5448  5.4965  5.3983  5.2994  5.2003  5.1010

   Split       1       2       3       4       5       6       7       8       9      10
       1  0.7583
       2          0.2400
       3                  0.2200
       4                          0.1830
       5                                  0.1310
       6                                          0.1510
       7                                                  0.2200
       8                                                          0.3560
       9                                                                  0.4370
      10                                                                          0.5430

    Best       1       2       3       4       5       6       7       8       9      10
       1  0.7583
       2  0.2302  0.2400
       3  0.2219 -0.0259  0.2200
       4  0.2007 -0.0102  0.0394  0.1932
       5  0.2167  0.0478  0.1899  0.4433  0.7236
       6  0.2665  0.1242  0.3792  0.6633  0.7614  0.1510
       7  0.3849  0.3574  0.6361  0.7315 -0.1435 -0.1697  0.2200
       8  0.4826  0.6151  0.7122 -0.1473 -0.1460 -0.1723 -0.1770  0.3560
       9  0.6942  0.6916 -0.1537 -0.1513 -0.1501 -0.1765 -0.1796 -0.0114  0.4370
      10  1.5000 -0.1594 -0.1578 -0.1553 -0.1542 -0.1790 -0.0113  0.2681  0.4841  0.6974

    Odds       1       2       3       4       5       6       7       8       9      10
       1  0.0004
       2  0.0010  0.0004
       3  0.0010  0.0010  0.0004
       4  0.0010  0.0010  0.0010  0.0004
       5  0.0010  0.0010  0.0010  0.0010  0.0004
       6  0.0007  0.0007  0.0007  0.0007  0.0007  0.0002
       7  0.0010  0.0010  0.0010  0.0010  0.0010  0.0007  0.0004
       8  0.0010  0.0010  0.0010  0.0010  0.0010  0.0007  0.0010  0.0004
       9  0.0010  0.0010  0.0010  0.0010  0.0010  0.0007  0.0010  0.0010  0.0004
      10  0.0039  0.0039  0.0039  0.0039  0.0039  0.0029  0.0039  0.0039  0.0039  0.0072

     Exp       1       2       3       4       5       6       7       8       9      10
       1  0.0003
       2  0.0002  0.0001
       3  0.0002 -0.0000  0.0001
       4  0.0002 -0.0000  0.0000  0.0001
       5  0.0002  0.0000  0.0002  0.0004  0.0003
       6  0.0002  0.0001  0.0003  0.0005  0.0006  0.0000
       7  0.0004  0.0003  0.0006  0.0007 -0.0001 -0.0001  0.0001
       8  0.0005  0.0006  0.0007 -0.0001 -0.0001 -0.0001 -0.0002  0.0001
       9  0.0007  0.0007 -0.0001 -0.0001 -0.0001 -0.0001 -0.0002 -0.0000  0.0002
      10  0.0058 -0.0006 -0.0006 -0.0006 -0.0006 -0.0005 -0.0000  0.0010  0.0019  0.0050
     Sum  0.0086  0.0012  0.0011  0.0008 -0.0002 -0.0009 -0.0003  0.0012  0.0020  0.0050  0.0185

---
Dealer Up Card: 5

   Stand       1       2       3       4       5       6       7       8       9      10
       1 -0.1301
       2 -0.1188 -0.1070
       3 -0.1160 -0.1043 -0.1015
       4 -0.1131 -0.1014 -0.0980 -0.0949
       5 -0.1107 -0.0984 -0.0955 -0.0925 -0.0900
       6  0.0047 -0.1038 -0.1009 -0.0980 -0.0955 -0.1022
       7  0.2223 -0.1306 -0.1277 -0.1247 -0.1234 -0.1288 -0.1555
       8  0.4608 -0.1355 -0.1327 -0.1307 -0.1283 -0.1337 -0.1605 -0.1654
       9  0.6821 -0.1386 -0.1368 -0.1339 -0.1314 -0.1369 -0.1636 -0.0444  0.2029
      10  1.5000 -0.1440 -0.1411 -0.1382 -0.1357 -0.1412 -0.0431  0.2023  0.4478  0.6737

 Stand #       1       2       3       4       5       6       7       8       9      10
       1  5.3150
       2  5.3157  5.3189
       3  5.3218  5.3248  5.3308
       4  5.3272  5.3301  5.3361  5.3415
       5  5.3324  5.3353  5.3413  5.3466  5.3518
       6  5.3330  5.3346  5.3406  5.3459  5.3512  5.3498
       7  5.3369  5.3385  5.3445  5.3499  5.3544  5.3539  5.3580
       8  5.3411  5.3426  5.3487  5.3534  5.3588  5.3583  5.3624  5.3667
       9  5.3450  5.3465  5.3519  5.3574  5.3628  5.3622  5.3664  5.3707  5.3747
      10  5.3485  5.3493  5.3555  5.3610  5.3664  5.3659  5.3700  5.3743  5.3783  5.3820

  Double       1       2       3       4       5       6       7       8       9      10
       1  0.2157
       2  0.2123 -0.2140
       3  0.2036 -0.2085 -0.1840
       4  0.1750 -0.1855 -0.0614  0.1623
       5  0.1483 -0.0703  0.1550  0.4150  0.6947
       6  0.2800  0.1306  0.3916  0.6776  0.7873 -0.3247
       7  0.3491  0.3321  0.6150  0.7234 -0.3555 -0.5381 -0.7407
       8  0.4531  0.5920  0.6991 -0.3732 -0.5400 -0.6344 -0.7462 -0.9057
       9  0.5362  0.6796 -0.3932 -0.4641 -0.6277 -0.8041 -0.9041 -0.9852 -1.1806
      10  0.6630 -0.3271 -0.4706 -0.6293 -0.7992 -0.8884 -0.9849 -1.1815 -1.4175 -1.6912

Double #       1       2       3       4       5       6       7       8       9      10
       1  6.3150
       2  6.3157  6.3189
       3  6.3218  6.3248  6.3308
       4  6.3272  6.3301  6.3361  6.3415
       5  6.3324  6.3353  6.3413  6.3466  6.3518
       6  6.3330  6.3346  6.3406  6.3459  6.3512  6.3498
       7  6.3369  6.3385  6.3445  6.3499  6.3544  6.3539  6.3580
       8  6.3411  6.3426  6.3487  6.3534  6.3588  6.3583  6.3624  6.3667
       9  6.3450  6.3465  6.3519  6.3574  6.3628  6.3622  6.3664  6.3707  6.3747
      10  6.3485  6.3493  6.3555  6.3610  6.3664  6.3659  6.3700  6.3743  6.3783  6.3820

     Hit       1       2       3       4       5       6       7       8       9      10
       1  0.1486
       2  0.1374 -0.0134
       3  0.1228 -0.0159 -0.0113
       4  0.1021 -0.0116  0.0332  0.1419
       5  0.0829  0.0397  0.1304  0.2405  0.3473
       6  0.1400  0.1188  0.2283  0.3388  0.3937 -0.1624
       7  0.1745  0.1887  0.3075  0.3617 -0.1777 -0.2690 -0.3703
       8  0.2265  0.2960  0.3495 -0.1866 -0.2700 -0.3172 -0.3731 -0.4529
       9  0.2681  0.3398 -0.1966 -0.2321 -0.3138 -0.4020 -0.4521 -0.4926 -0.5903
      10  0.3315 -0.1636 -0.2353 -0.3146 -0.3996 -0.4442 -0.4924 -0.5908 -0.7087 -0.8456

   Hit #       1       2       3       4       5       6       7       8       9      10
       1  9.1785
       2  8.5914 10.4643
       3  7.9177  9.6919  8.9683
       4  7.3921  8.9744  7.8729  7.5376
       5  6.7799  8.0004  7.3877  6.9448  6.3518
       6  6.3330  7.3802  6.9383  6.3459  6.3512  5.9049
       7  6.3369  6.7866  6.3445  6.3499  5.9080  5.7964  5.6875
       8  6.3411  6.3426  6.3487  5.9074  5.7992  5.7154  5.6341  5.5248
       9  6.3450  6.3465  5.9063  5.8263  5.7178  5.6063  5.5247  5.4426  5.3323
      10  6.3485  5.9324  5.8253  5.7170  5.6082  5.5245  5.4424  5.3322  5.2218  5.1112

   Split       1       2       3       4       5       6       7       8       9      10
       1  0.7322
       2          0.2390
       3                  0.2280
       4                          0.1970
       5                                  0.1330
       6                                          0.1720
       7                                                  0.2000
       8                                                          0.3120
       9                                                                  0.4150
      10                                                                          0.5210

    Best       1       2       3       4       5       6       7       8       9      10
       1  0.7322
       2  0.2123  0.2390
       3  0.2036 -0.0159  0.2280
       4  0.1750 -0.0116  0.0332  0.1970
       5  0.1483  0.0397  0.1550  0.4150  0.6947
       6  0.2800  0.1306  0.3916  0.6776  0.7873  0.1720
       7  0.3491  0.3321  0.6150  0.7234 -0.1234 -0.1288  0.2000
       8  0.4608  0.5920  0.6991 -0.1307 -0.1283 -0.1337 -0.1605  0.3120
       9  0.6821  0.6796 -0.1368 -0.1339 -0.1314 -0.1369 -0.1636 -0.0444  0.4150
      10  1.5000 -0.1440 -0.1411 -0.1382 -0.1357 -0.1412 -0.0431  0.2023  0.4478  0.6737

    Odds       1       2       3       4       5       6       7       8       9      10
       1  0.0004
       2  0.0010  0.0004
       3  0.0010  0.0010  0.0004
       4  0.0010  0.0010  0.0010  0.0004
       5  0.0007  0.0007  0.0007  0.0007  0.0002
       6  0.0010  0.0010  0.0010  0.0010  0.0007  0.0004
       7  0.0010  0.0010  0.0010  0.0010  0.0007  0.0010  0.0004
       8  0.0010  0.0010  0.0010  0.0010  0.0007  0.0010  0.0010  0.0004
       9  0.0010  0.0010  0.0010  0.0010  0.0007  0.0010  0.0010  0.0010  0.0004
      10  0.0039  0.0039  0.0039  0.0039  0.0029  0.0039  0.0039  0.0039  0.0039  0.0072

     Exp       1       2       3       4       5       6       7       8       9      10
       1  0.0003
       2  0.0002  0.0001
       3  0.0002 -0.0000  0.0001
       4  0.0002 -0.0000  0.0000  0.0001
       5  0.0001  0.0000  0.0001  0.0003  0.0001
       6  0.0003  0.0001  0.0004  0.0007  0.0006  0.0001
       7  0.0003  0.0003  0.0006  0.0007 -0.0001 -0.0001  0.0001
       8  0.0004  0.0006  0.0007 -0.0001 -0.0001 -0.0001 -0.0002  0.0001
       9  0.0007  0.0007 -0.0001 -0.0001 -0.0001 -0.0001 -0.0002 -0.0000  0.0002
      10  0.0058 -0.0006 -0.0005 -0.0005 -0.0004 -0.0005 -0.0002  0.0008  0.0017  0.0049
     Sum  0.0084  0.0012  0.0012  0.0009  0.0000 -0.0009 -0.0004  0.0009  0.0019  0.0049  0.0181

---
Dealer Up Card: 4

   Stand       1       2       3       4       5       6       7       8       9      10
       1 -0.1782
       2 -0.1861 -0.1920
       3 -0.1699 -0.1759 -0.1597
       4 -0.1662 -0.1721 -0.1559 -0.1517
       5 -0.1636 -0.1696 -0.1528 -0.1489 -0.1463
       6 -0.0367 -0.1713 -0.1555 -0.1516 -0.1491 -0.1519
       7  0.2040 -0.1767 -0.1609 -0.1572 -0.1546 -0.1584 -0.1639
       8  0.4155 -0.2025 -0.1867 -0.1829 -0.1813 -0.1841 -0.1896 -0.2153
       9  0.6539 -0.2070 -0.1912 -0.1885 -0.1859 -0.1886 -0.1941 -0.0844  0.1670
      10  1.5000 -0.2118 -0.1971 -0.1933 -0.1907 -0.1934 -0.0644  0.1642  0.4041  0.6448

 Stand #       1       2       3       4       5       6       7       8       9      10
       1  5.4235
       2  5.4083  5.3951
       3  5.4276  5.4151  5.4351
       4  5.4336  5.4210  5.4411  5.4471
       5  5.4391  5.4264  5.4465  5.4525  5.4579
       6  5.4441  5.4312  5.4513  5.4574  5.4627  5.4677
       7  5.4447  5.4305  5.4507  5.4567  5.4621  5.4663  5.4658
       8  5.4494  5.4351  5.4553  5.4614  5.4661  5.4712  5.4706  5.4755
       9  5.4527  5.4385  5.4587  5.4640  5.4696  5.4747  5.4742  5.4790  5.4825
      10  5.4566  5.4423  5.4618  5.4680  5.4736  5.4787  5.4782  5.4830  5.4865  5.4905

  Double       1       2       3       4       5       6       7       8       9      10
       1  0.1367
       2  0.1151 -0.3840
       3  0.1091 -0.3517 -0.3022
       4  0.0849 -0.3236 -0.1777  0.0441
       5  0.0626 -0.1946  0.0411  0.2970  0.5898
       6  0.1545  0.0233  0.2896  0.5855  0.7039 -0.3802
       7  0.3127  0.2718  0.5704  0.6851 -0.3835 -0.5541 -0.7376
       8  0.3731  0.5049  0.6252 -0.4281 -0.5836 -0.6751 -0.7601 -0.9223
       9  0.4592  0.6001 -0.4510 -0.5086 -0.6710 -0.8392 -0.9059 -1.0823 -1.1940
      10  0.5951 -0.3879 -0.5159 -0.6729 -0.8360 -0.9091 -1.0702 -1.1946 -1.4234 -1.6925

Double #       1       2       3       4       5       6       7       8       9      10
       1  6.4235
       2  6.4083  6.3951
       3  6.4276  6.4151  6.4351
       4  6.4336  6.4210  6.4411  6.4471
       5  6.4391  6.4264  6.4465  6.4525  6.4579
       6  6.4441  6.4312  6.4513  6.4574  6.4627  6.4677
       7  6.4447  6.4305  6.4507  6.4567  6.4621  6.4663  6.4658
       8  6.4494  6.4351  6.4553  6.4614  6.4661  6.4712  6.4706  6.4755
       9  6.4527  6.4385  6.4587  6.4640  6.4696  6.4747  6.4742  6.4790  6.4825
      10  6.4566  6.4423  6.4618  6.4680  6.4736  6.4787  6.4782  6.4830  6.4865  6.4905

     Hit       1       2       3       4       5       6       7       8       9      10
       1  0.0306
       2  0.0690 -0.1319
       3  0.0632 -0.1130 -0.0910
       4  0.0485 -0.1017 -0.0438  0.0748
       5  0.0362 -0.0424  0.0661  0.1776  0.2949
       6  0.0773  0.0582  0.1735  0.2928  0.3520 -0.1901
       7  0.1563  0.1569  0.2852  0.3425 -0.1918 -0.2770 -0.3688
       8  0.1865  0.2525  0.3126 -0.2140 -0.2918 -0.3375 -0.3800 -0.4611
       9  0.2296  0.3000 -0.2255 -0.2543 -0.3355 -0.4196 -0.4530 -0.5411 -0.5970
      10  0.2862 -0.1940 -0.2580 -0.3365 -0.4180 -0.4546 -0.5351 -0.5973 -0.7117 -0.8463

   Hit #       1       2       3       4       5       6       7       8       9      10
       1 11.5937
       2  8.5604 10.5537
       3  8.0452  9.8011  9.1085
       4  7.5129  9.0967  7.8467  7.6590
       5  6.8933  7.9595  7.5066  7.0581  6.4579
       6  6.4441  7.4895  7.0568  6.4574  6.4627  5.9838
       7  6.4447  6.8833  6.4507  6.4567  5.9802  5.8624  5.7419
       8  6.4494  6.4351  6.4553  5.9797  5.8623  5.7747  5.6843  5.5659
       9  6.4527  6.4385  5.9779  5.8912  5.7740  5.6561  5.5654  5.4468  5.3576
      10  6.8841  5.9966  5.8899  5.7732  5.6556  5.5671  5.4465  5.3576  5.2383  5.1201

   Split       1       2       3       4       5       6       7       8       9      10
       1  0.6686
       2          0.1120
       3                  0.1020
       4                          0.0760
       5                                  0.0140
       6                                          0.0470
       7                                                  0.1030
       8                                                          0.2150
       9                                                                  0.3200
      10                                                                          0.4440

    Best       1       2       3       4       5       6       7       8       9      10
       1  0.6686
       2  0.1151  0.1120
       3  0.1091 -0.1130  0.1020
       4  0.0849 -0.1017 -0.0438  0.0760
       5  0.0626 -0.0424  0.0661  0.2970  0.5898
       6  0.1545  0.0582  0.2896  0.5855  0.7039  0.0470
       7  0.3127  0.2718  0.5704  0.6851 -0.1546 -0.1584  0.1030
       8  0.4155  0.5049  0.6252 -0.1829 -0.1813 -0.1841 -0.1896  0.2150
       9  0.6539  0.6001 -0.1912 -0.1885 -0.1859 -0.1886 -0.1941 -0.0844  0.3200
      10  1.5000 -0.1940 -0.1971 -0.1933 -0.1907 -0.1934 -0.0644  0.1642  0.4041  0.6448

    Odds       1       2       3       4       5       6       7       8       9      10
       1  0.0004
       2  0.0010  0.0004
       3  0.0010  0.0010  0.0004
       4  0.0007  0.0007  0.0007  0.0002
       5  0.0010  0.0010  0.0010  0.0007  0.0004
       6  0.0010  0.0010  0.0010  0.0007  0.0010  0.0004
       7  0.0010  0.0010  0.0010  0.0007  0.0010  0.0010  0.0004
       8  0.0010  0.0010  0.0010  0.0007  0.0010  0.0010  0.0010  0.0004
       9  0.0010  0.0010  0.0010  0.0007  0.0010  0.0010  0.0010  0.0010  0.0004
      10  0.0039  0.0039  0.0039  0.0029  0.0039  0.0039  0.0039  0.0039  0.0039  0.0072

     Exp       1       2       3       4       5       6       7       8       9      10
       1  0.0002
       2  0.0001  0.0000
       3  0.0001 -0.0001  0.0000
       4  0.0001 -0.0001 -0.0000  0.0000
       5  0.0001 -0.0000  0.0001  0.0002  0.0002
       6  0.0001  0.0001  0.0003  0.0004  0.0007  0.0000
       7  0.0003  0.0003  0.0006  0.0005 -0.0001 -0.0002  0.0000
       8  0.0004  0.0005  0.0006 -0.0001 -0.0002 -0.0002 -0.0002  0.0001
       9  0.0006  0.0006 -0.0002 -0.0001 -0.0002 -0.0002 -0.0002 -0.0001  0.0001
      10  0.0058 -0.0007 -0.0008 -0.0006 -0.0007 -0.0007 -0.0002  0.0006  0.0016  0.0047
     Sum  0.0079  0.0005  0.0006  0.0003 -0.0003 -0.0012 -0.0006  0.0006  0.0017  0.0047  0.0140

---
Dealer Up Card: 3

   Stand       1       2       3       4       5       6       7       8       9      10
       1 -0.2323
       2 -0.2411 -0.2507
       3 -0.2401 -0.2485 -0.2462
       4 -0.2240 -0.2323 -0.2300 -0.2137
       5 -0.2205 -0.2289 -0.2265 -0.2097 -0.2062
       6 -0.0932 -0.2311 -0.2280 -0.2121 -0.2086 -0.2110
       7  0.1668 -0.2339 -0.2316 -0.2157 -0.2123 -0.2148 -0.2194
       8  0.4199 -0.2383 -0.2360 -0.2202 -0.2167 -0.2202 -0.2239 -0.2284
       9  0.6441 -0.2641 -0.2618 -0.2460 -0.2436 -0.2460 -0.2497 -0.1207  0.1226
      10  1.5000 -0.2679 -0.2656 -0.2509 -0.2474 -0.2499 -0.1189  0.1444  0.3836  0.6361

 Stand #       1       2       3       4       5       6       7       8       9      10
       1  5.5256
       2  5.5080  5.4904
       3  5.5151  5.4985  5.5068
       4  5.5344  5.5185  5.5267  5.5469
       5  5.5405  5.5244  5.5328  5.5529  5.5590
       6  5.5454  5.5292  5.5374  5.5575  5.5636  5.5681
       7  5.5498  5.5333  5.5416  5.5617  5.5678  5.5725  5.5761
       8  5.5513  5.5335  5.5419  5.5620  5.5681  5.5720  5.5765  5.5769
       9  5.5558  5.5381  5.5464  5.5666  5.5720  5.5768  5.5813  5.5816  5.5864
      10  5.5599  5.5421  5.5505  5.5700  5.5763  5.5811  5.5855  5.5859  5.5907  5.5949

  Double       1       2       3       4       5       6       7       8       9      10
       1  0.0549
       2  0.0284 -0.5014
       3  0.0109 -0.4969 -0.4721
       4  0.0026 -0.4455 -0.3237 -0.0825
       5 -0.0192 -0.3107 -0.0832  0.1956  0.5096
       6  0.0739 -0.0783  0.1893  0.5009  0.6295 -0.4443
       7  0.1889  0.1946  0.4921  0.6112 -0.4439 -0.6081 -0.7765
       8  0.3460  0.4825  0.5904 -0.4595 -0.6111 -0.6939 -0.7626 -0.8999
       9  0.3922  0.5380 -0.5114 -0.5607 -0.7121 -0.8646 -0.9180 -1.0710 -1.2766
      10  0.5364 -0.4386 -0.5664 -0.7114 -0.8595 -0.9228 -1.0728 -1.2673 -1.4251 -1.6926

Double #       1       2       3       4       5       6       7       8       9      10
       1  6.5256
       2  6.5080  6.4904
       3  6.5151  6.4985  6.5068
       4  6.5344  6.5185  6.5267  6.5469
       5  6.5405  6.5244  6.5328  6.5529  6.5590
       6  6.5454  6.5292  6.5374  6.5575  6.5636  6.5681
       7  6.5498  6.5333  6.5416  6.5617  6.5678  6.5725  6.5761
       8  6.5513  6.5335  6.5419  6.5620  6.5681  6.5720  6.5765  6.5769
       9  6.5558  6.5381  6.5464  6.5666  6.5720  6.5768  6.5813  6.5816  6.5864
      10  6.5599  6.5421  6.5505  6.5700  6.5763  6.5811  6.5855  6.5859  6.5907  6.5949

     Hit       1       2       3       4       5       6       7       8       9      10
       1 -0.0339
       2 -0.0087 -0.2398
       3  0.0015 -0.2308 -0.2169
       4  0.0011 -0.1768 -0.1255 -0.0017
       5 -0.0071 -0.1091 -0.0103  0.1239  0.2548
       6  0.0369 -0.0062  0.1095  0.2504  0.3147 -0.2221
       7  0.0945  0.1011  0.2274  0.3056 -0.2220 -0.3040 -0.3883
       8  0.1730  0.2268  0.2952 -0.2298 -0.3056 -0.3470 -0.3813 -0.4499
       9  0.1756  0.2485 -0.2557 -0.2804 -0.3560 -0.4323 -0.4590 -0.5355 -0.6383
      10  0.2554 -0.2193 -0.2832 -0.3557 -0.4298 -0.4614 -0.5364 -0.6337 -0.7126 -0.8463

   Hit #       1       2       3       4       5       6       7       8       9      10
       1 11.7283
       2  9.3195 11.4940
       3  8.0791 10.7219  9.9644
       4  7.6281  9.2268  8.0016  7.6202
       5  7.0010  8.1376  7.5186  7.1665  6.5590
       6  6.5454  7.5079  7.4895  6.5575  6.5636  6.0510
       7  6.5498  7.4613  7.1128  6.5617  6.0508  5.9246  5.7974
       8  6.5513  6.9616  6.5419  6.0469  5.9220  5.8276  5.7330  5.6043
       9  7.1279  7.1101  6.0364  5.9533  5.8277  5.7009  5.6059  5.4772  5.3498
      10  6.9918  6.0654  5.9436  5.8267  5.7007  5.6058  5.4783  5.3497  5.2551  5.1287

   Split       1       2       3       4       5       6       7       8       9      10
       1  0.6129
       2          0.0210
       3                 -0.0310
       4                         -0.0480
       5                                 -0.1040
       6                                         -0.0690
       7                                                 -0.0200
       8                                                          0.1320
       9                                                                  0.2420
      10                                                                          0.3830

    Best       1       2       3       4       5       6       7       8       9      10
       1  0.6129
       2  0.0284  0.0210
       3  0.0109 -0.2308 -0.0310
       4  0.0026 -0.1768 -0.1255 -0.0017
       5 -0.0071 -0.1091 -0.0103  0.1956  0.5096
       6  0.0739 -0.0062  0.1893  0.5009  0.6295 -0.0690
       7  0.1889  0.1946  0.4921  0.6112 -0.2123 -0.2148 -0.0200
       8  0.4199  0.4825  0.5904 -0.2202 -0.2167 -0.2202 -0.2239  0.1320
       9  0.6441  0.5380 -0.2557 -0.2460 -0.2436 -0.2460 -0.2497 -0.1207  0.2420
      10  1.5000 -0.2193 -0.2656 -0.2509 -0.2474 -0.2499 -0.1189  0.1444  0.3836  0.6361

    Odds       1       2       3       4       5       6       7       8       9      10
       1  0.0004
       2  0.0010  0.0004
       3  0.0007  0.0007  0.0002
       4  0.0010  0.0010  0.0007  0.0004
       5  0.0010  0.0010  0.0007  0.0010  0.0004
       6  0.0010  0.0010  0.0007  0.0010  0.0010  0.0004
       7  0.0010  0.0010  0.0007  0.0010  0.0010  0.0010  0.0004
       8  0.0010  0.0010  0.0007  0.0010  0.0010  0.0010  0.0010  0.0004
       9  0.0010  0.0010  0.0007  0.0010  0.0010  0.0010  0.0010  0.0010  0.0004
      10  0.0039  0.0039  0.0029  0.0039  0.0039  0.0039  0.0039  0.0039  0.0039  0.0072

     Exp       1       2       3       4       5       6       7       8       9      10
       1  0.0002
       2  0.0000  0.0000
       3  0.0000 -0.0002 -0.0000
       4  0.0000 -0.0002 -0.0001 -0.0000
       5 -0.0000 -0.0001 -0.0000  0.0002  0.0002
       6  0.0001 -0.0000  0.0001  0.0005  0.0006 -0.0000
       7  0.0002  0.0002  0.0004  0.0006 -0.0002 -0.0002 -0.0000
       8  0.0004  0.0005  0.0004 -0.0002 -0.0002 -0.0002 -0.0002  0.0000
       9  0.0006  0.0005 -0.0002 -0.0002 -0.0002 -0.0002 -0.0002 -0.0001  0.0001
      10  0.0058 -0.0008 -0.0008 -0.0010 -0.0010 -0.0010 -0.0005  0.0006  0.0015  0.0046
     Sum  0.0073 -0.0001 -0.0001 -0.0002 -0.0008 -0.0016 -0.0009  0.0005  0.0016  0.0046  0.0102

---
Dealer Up Card: 2

   Stand       1       2       3       4       5       6       7       8       9      10
       1 -0.2743
       2 -0.2827 -0.2908
       3 -0.2842 -0.2933 -0.2949
       4 -0.2832 -0.2910 -0.2925 -0.2901
       5 -0.2664 -0.2742 -0.2757 -0.2733 -0.2559
       6 -0.1318 -0.2771 -0.2785 -0.2752 -0.2588 -0.2617
       7  0.1358 -0.2802 -0.2808 -0.2784 -0.2621 -0.2650 -0.2683
       8  0.4016 -0.2821 -0.2836 -0.2813 -0.2649 -0.2678 -0.2721 -0.2748
       9  0.6560 -0.2866 -0.2880 -0.2857 -0.2693 -0.2733 -0.2765 -0.1365  0.1371
      10  1.5000 -0.3110 -0.3124 -0.3101 -0.2948 -0.2977 -0.1581  0.1189  0.3848  0.6272

 Stand #       1       2       3       4       5       6       7       8       9      10
       1  5.6407
       2  5.6219  5.6043
       3  5.6275  5.6090  5.6145
       4  5.6347  5.6171  5.6227  5.6310
       5  5.6541  5.6371  5.6428  5.6511  5.6714
       6  5.6595  5.6422  5.6481  5.6563  5.6765  5.6816
       7  5.6647  5.6473  5.6529  5.6612  5.6814  5.6866  5.6917
       8  5.6691  5.6515  5.6572  5.6655  5.6857  5.6910  5.6953  5.6998
       9  5.6705  5.6516  5.6574  5.6657  5.6860  5.6905  5.6957  5.7002  5.7005
      10  5.6751  5.6561  5.6620  5.6703  5.6899  5.6953  5.7004  5.7049  5.7053  5.7100

  Double       1       2       3       4       5       6       7       8       9      10
       1 -0.0194
       2 -0.0420 -0.5816
       3 -0.0468 -0.5866 -0.5675
       4 -0.0700 -0.5601 -0.4291 -0.1846
       5 -0.0818 -0.4018 -0.1678  0.1135  0.4464
       6  0.0133 -0.1628  0.1119  0.4322  0.5672 -0.5053
       7  0.1276  0.1174  0.4260  0.5418 -0.5053 -0.6639 -0.8128
       8  0.2372  0.4245  0.5336 -0.5197 -0.6626 -0.7252 -0.7808 -0.9082
       9  0.3798  0.5248 -0.5325 -0.5860 -0.7179 -0.8605 -0.9119 -1.0603 -1.2550
      10  0.4870 -0.4868 -0.6084 -0.7376 -0.8724 -0.9308 -1.0769 -1.2651 -1.4993 -1.6933

Double #       1       2       3       4       5       6       7       8       9      10
       1  6.6407
       2  6.6219  6.6043
       3  6.6275  6.6090  6.6145
       4  6.6347  6.6171  6.6227  6.6310
       5  6.6541  6.6371  6.6428  6.6511  6.6714
       6  6.6595  6.6422  6.6481  6.6563  6.6765  6.6816
       7  6.6647  6.6473  6.6529  6.6612  6.6814  6.6866  6.6917
       8  6.6691  6.6515  6.6572  6.6655  6.6857  6.6910  6.6953  6.6998
       9  6.6705  6.6516  6.6574  6.6657  6.6860  6.6905  6.6957  6.7002  6.7005
      10  6.6751  6.6561  6.6620  6.6703  6.6899  6.6953  6.7004  6.7049  6.7053  6.7100

     Hit       1       2       3       4       5       6       7       8       9      10
       1 -0.0970
       2 -0.1544 -0.3000
       3 -0.0545 -0.2903 -0.2740
       4 -0.0626 -0.2699 -0.2037 -0.0687
       5 -0.0611 -0.1747 -0.0748  0.0529  0.2083
       6 -0.0133 -0.0714  0.0566  0.2007  0.2637 -0.2527
       7  0.0432  0.0483  0.1973  0.2503 -0.2526 -0.3320 -0.4064
       8  0.0977  0.2016  0.2459 -0.2598 -0.3313 -0.3626 -0.3904 -0.4541
       9  0.1739  0.2411 -0.2663 -0.2930 -0.3589 -0.4303 -0.4560 -0.5302 -0.6275
      10  0.2108 -0.2680 -0.3042 -0.3688 -0.4362 -0.4654 -0.5385 -0.6325 -0.7497 -0.8467

   Hit #       1       2       3       4       5       6       7       8       9      10
       1 12.1099
       2 11.8336 11.6615
       3  8.8123 10.8603 10.0895
       4  8.2488 10.0864  8.7186  8.0796
       5  7.7318  8.7401  8.2134  7.7358  7.1051
       6  7.2390  8.2129  7.5881  7.0894  7.2559  6.1270
       7  7.2433  7.5626  7.0859  7.2399  6.1269  5.9916  5.8554
       8  7.2476  6.9401  7.2356  6.1161  5.9910  5.8898  5.7877  5.6508
       9  7.1042  7.2299  6.1108  6.0135  5.8872  5.7509  5.6492  5.5123  5.3755
      10  7.5394  6.7141  6.0114  5.8790  5.7506  5.6490  5.5124  5.3764  5.2399  5.1382

   Split       1       2       3       4       5       6       7       8       9      10
       1  0.5657
       2         -0.0470
       3                 -0.1160
       4                         -0.1560
       5                                 -0.1930
       6                                         -0.1650
       7                                                 -0.1050
       8                                                          0.0640
       9                                                                  0.1880
      10                                                                          0.3310

    Best       1       2       3       4       5       6       7       8       9      10
       1  0.5657
       2 -0.0420 -0.0470
       3 -0.0468 -0.2903 -0.1160
       4 -0.0626 -0.2699 -0.2037 -0.0687
       5 -0.0611 -0.1747 -0.0748  0.1135  0.4464
       6  0.0133 -0.0714  0.1119  0.4322  0.5672 -0.1650
       7  0.1358  0.1174  0.4260  0.5418 -0.2526 -0.2650 -0.1050
       8  0.4016  0.4245  0.5336 -0.2598 -0.2649 -0.2678 -0.2721  0.0640
       9  0.6560  0.5248 -0.2663 -0.2857 -0.2693 -0.2733 -0.2765 -0.1365  0.1880
      10  1.5000 -0.2680 -0.3042 -0.3101 -0.2948 -0.2977 -0.1581  0.1189  0.3848  0.6272

    Odds       1       2       3       4       5       6       7       8       9      10
       1  0.0004
       2  0.0007  0.0002
       3  0.0010  0.0007  0.0004
       4  0.0010  0.0007  0.0010  0.0004
       5  0.0010  0.0007  0.0010  0.0010  0.0004
       6  0.0010  0.0007  0.0010  0.0010  0.0010  0.0004
       7  0.0010  0.0007  0.0010  0.0010  0.0010  0.0010  0.0004
       8  0.0010  0.0007  0.0010  0.0010  0.0010  0.0010  0.0010  0.0004
       9  0.0010  0.0007  0.0010  0.0010  0.0010  0.0010  0.0010  0.0010  0.0004
      10  0.0039  0.0029  0.0039  0.0039  0.0039  0.0039  0.0039  0.0039  0.0039  0.0072

     Exp       1       2       3       4       5       6       7       8       9      10
       1  0.0002
       2 -0.0000 -0.0000
       3 -0.0000 -0.0002 -0.0000
       4 -0.0001 -0.0002 -0.0002 -0.0000
       5 -0.0001 -0.0001 -0.0001  0.0001  0.0002
       6  0.0000 -0.0001  0.0001  0.0004  0.0005 -0.0001
       7  0.0001  0.0001  0.0004  0.0005 -0.0002 -0.0003 -0.0000
       8  0.0004  0.0003  0.0005 -0.0003 -0.0003 -0.0003 -0.0003  0.0000
       9  0.0006  0.0004 -0.0003 -0.0003 -0.0003 -0.0003 -0.0003 -0.0001  0.0001
      10  0.0058 -0.0008 -0.0012 -0.0012 -0.0011 -0.0011 -0.0006  0.0005  0.0015  0.0045
     Sum  0.0070 -0.0006 -0.0007 -0.0007 -0.0012 -0.0020 -0.0012  0.0004  0.0016  0.0045  0.0071

---
Dealer Up Card: 1

   Stand       1       2       3       4       5       6       7       8       9      10
       1 -0.6631
       2 -0.6617 -0.6600
       3 -0.6610 -0.6594 -0.6601
       4 -0.6588 -0.6587 -0.6580 -0.6558
       5 -0.6592 -0.6575 -0.6568 -0.6545 -0.6533
       6 -0.4828 -0.6392 -0.6383 -0.6361 -0.6340 -0.6170
       7 -0.1010 -0.6456 -0.6448 -0.6418 -0.6406 -0.6238 -0.6305
       8  0.2897 -0.6519 -0.6503 -0.6483 -0.6472 -0.6304 -0.6372 -0.6435
       9  0.6807 -0.6572 -0.6566 -0.6545 -0.6534 -0.6368 -0.6432 -0.4519 -0.0552
      10  1.5000 -0.6728 -0.6722 -0.6702 -0.6692 -0.6529 -0.4670 -0.0820  0.3077  0.6501

 Stand #       1       2       3       4       5       6       7       8       9      10
       1  5.0504
       2  5.0593  5.0685
       3  5.0670  5.0762  5.0828
       4  5.0746  5.0827  5.0895  5.0976
       5  5.0806  5.0890  5.0971  5.1051  5.1126
       6  5.1010  5.1106  5.1188  5.1268  5.1351  5.1558
       7  5.1278  5.1374  5.1455  5.1542  5.1616  5.1824  5.2090
       8  5.1248  5.1343  5.1431  5.1510  5.1584  5.1792  5.2058  5.2026
       9  5.1223  5.1325  5.1404  5.1483  5.1557  5.1766  5.2032  5.2000  5.1974
      10  4.0000  5.0976  5.1053  5.1129  5.1202  5.1405  5.1663  5.1632  5.1607  5.1261

  Double       1       2       3       4       5       6       7       8       9      10
       1 -0.5988
       2 -0.5933 -1.3201
       3 -0.5958 -1.3188 -1.2982
       4 -0.6199 -1.2957 -1.1264 -0.7965
       5 -0.6561 -1.1252 -0.7940 -0.3958  0.0551
       6 -0.5272 -0.7991 -0.4013  0.0486  0.2403 -0.8346
       7 -0.3578 -0.4021  0.0402  0.2220 -0.8375 -0.9372 -1.0293
       8 -0.1921  0.0251  0.2057 -0.8467 -0.9309 -0.9418 -0.9280 -0.9898
       9 -0.0407  0.1889 -0.8582 -0.8380 -0.9206 -1.0084 -0.9910 -1.0892 -1.2497
      10  0.1452 -0.8109 -0.8590 -0.9316 -1.0129 -1.0175 -1.1116 -1.2664 -1.4853 -1.7664

Double #       1       2       3       4       5       6       7       8       9      10
       1  6.0504
       2  6.0593  6.0685
       3  6.0670  6.0762  6.0828
       4  6.0746  6.0827  6.0895  6.0976
       5  6.0806  6.0890  6.0971  6.1051  6.1126
       6  6.1010  6.1106  6.1188  6.1268  6.1351  6.1558
       7  6.1278  6.1374  6.1455  6.1542  6.1616  6.1824  6.2090
       8  6.1248  6.1343  6.1431  6.1510  6.1584  6.1792  6.2058  6.2026
       9  6.1223  6.1325  6.1404  6.1483  6.1557  6.1766  6.2032  6.2000  6.1974
      10  6.0885  6.0976  6.1053  6.1129  6.1202  6.1405  6.1663  6.1632  6.1607  6.1261

     Hit       1       2       3       4       5       6       7       8       9      10
       1 -0.4221
       2 -0.4426 -0.7400
       3 -0.3140 -0.5455 -0.5151
       4 -0.2724 -0.5091 -0.4229 -0.2814
       5 -0.2628 -0.4071 -0.2959 -0.1551 -0.0080
       6 -0.2104 -0.2922 -0.1499 -0.0105  0.0631 -0.3893
       7 -0.1514 -0.1599 -0.0136  0.0569 -0.3903 -0.4504 -0.5081
       8 -0.0939 -0.0111  0.0511 -0.3933 -0.4484 -0.4722 -0.4878 -0.5353
       9 -0.0754  0.0195 -0.4220 -0.4107 -0.4651 -0.5213 -0.5357 -0.5954 -0.6758
      10  0.0066 -0.4298 -0.4182 -0.4684 -0.5217 -0.5422 -0.5998 -0.6783 -0.7788 -0.8995

   Hit #       1       2       3       4       5       6       7       8       9      10
       1  7.8408
       2  7.7343  9.2676
       3  5.9029  6.9023  6.4509
       4  5.1388  6.3855  5.6490  5.2143
       5  4.7146  5.5895  5.2984  4.9365  4.5314
       6  4.5241  5.2424  4.8436  4.5415  4.4434  4.4031
       7  4.5429  4.8585  4.5549  4.4569  4.4056  4.4839  4.5617
       8  4.5405  4.4432  4.4491  4.4009  4.4745  4.5345  4.5943  4.6624
       9  4.9794  4.7725  4.7121  4.4529  4.5263  4.6026  4.6626  4.7321  4.8025
      10  4.8674  5.0922  4.5118  4.5775  4.6419  4.6948  4.7638  4.8256  4.8884  4.9582

   Split       1       2       3       4       5       6       7       8       9      10
       1  0.2074
       2         -0.4220
       3                 -0.4650
       4                         -0.5270
       5                                 -0.6130
       6                                         -0.6170
       7                                                 -0.6130
       8                                                         -0.3630
       9                                                                 -0.1130
      10                                                                          0.0970

    Best       1       2       3       4       5       6       7       8       9      10
       1  0.2074
       2 -0.4426 -0.4220
       3 -0.3140 -0.5000 -0.4650
       4 -0.2724 -0.5000 -0.4229 -0.2814
       5 -0.2628 -0.4071 -0.2959 -0.1551  0.0551
       6 -0.2104 -0.2922 -0.1499  0.0486  0.2403 -0.3893
       7 -0.1010 -0.1599  0.0402  0.2220 -0.3903 -0.4504 -0.5000
       8  0.2897  0.0251  0.2057 -0.3933 -0.4484 -0.4722 -0.4878 -0.3630
       9  0.6807  0.1889 -0.4220 -0.4107 -0.4651 -0.5000 -0.5000 -0.4519 -0.0552
      10  1.5000 -0.4298 -0.4182 -0.4684 -0.5000 -0.5000 -0.4670 -0.0820  0.3077  0.6501

    Odds       1       2       3       4       5       6       7       8       9      10
       1  0.0002
       2  0.0007  0.0004
       3  0.0007  0.0010  0.0004
       4  0.0007  0.0010  0.0010  0.0004
       5  0.0007  0.0010  0.0010  0.0010  0.0004
       6  0.0007  0.0010  0.0010  0.0010  0.0010  0.0004
       7  0.0007  0.0010  0.0010  0.0010  0.0010  0.0010  0.0004
       8  0.0007  0.0010  0.0010  0.0010  0.0010  0.0010  0.0010  0.0004
       9  0.0007  0.0010  0.0010  0.0010  0.0010  0.0010  0.0010  0.0010  0.0004
      10  0.0029  0.0039  0.0039  0.0039  0.0039  0.0039  0.0039  0.0039  0.0039  0.0072

     Exp       1       2       3       4       5       6       7       8       9      10
       1  0.0000
       2 -0.0003 -0.0002
       3 -0.0002 -0.0005 -0.0002
       4 -0.0002 -0.0005 -0.0004 -0.0001
       5 -0.0002 -0.0004 -0.0003 -0.0001  0.0000
       6 -0.0002 -0.0003 -0.0001  0.0000  0.0002 -0.0001
       7 -0.0001 -0.0002  0.0000  0.0002 -0.0004 -0.0004 -0.0002
       8  0.0002  0.0000  0.0002 -0.0004 -0.0004 -0.0005 -0.0005 -0.0001
       9  0.0005  0.0002 -0.0004 -0.0004 -0.0004 -0.0005 -0.0005 -0.0004 -0.0000
      10  0.0043 -0.0017 -0.0016 -0.0018 -0.0019 -0.0019 -0.0018 -0.0003  0.0012  0.0047
     Sum  0.0039 -0.0034 -0.0028 -0.0026 -0.0029 -0.0034 -0.0029 -0.0009  0.0012  0.0047 -0.0092

---
  0.0040

C:\Users\dickp\source\repos\BlackjackSim\Card\Release\Odds.exe (process 15364) exited with code 0.
Press any key to close this window . . .